27  33.701091 -25.331217  50.310274  0.586586 -0.008364 -0.052180 -0.808161
26  30.461221 -35.239530  48.515362  0.515960  0.046379  0.049732 -0.853909
25  27.737241 -43.082365  47.222803  0.562111 -0.036843  0.054039 -0.824472
24  24.602288 -49.270542  47.228415  0.533424 -0.083652 -0.129047 -0.831750
23  20.947717 -54.936143  45.643044 -0.315164 -0.011485  0.182055  0.931341
22  15.700638 -59.973814  47.037130 -0.227977 -0.040923  0.171912  0.957496
21  8.785895 -61.460482  46.792623 -0.087101  0.015934  0.141572  0.985960
11  0.200698 -61.758305  47.150484  0.193986  0.979713 -0.042181 -0.027436
12 -5.761213 -59.794926  46.854165  0.131198  0.961528 -0.235770 -0.051606
13 -11.601485 -55.292207  46.059464  0.200294  0.882038 -0.423091 -0.053711
14 -14.484930 -49.448027  45.978433  0.050408  0.838037 -0.537566  0.078583
15 -17.203283 -43.558647  46.686741 -0.080037  0.852182 -0.517050 -0.006227
16 -20.641135 -35.120750  48.454897 -0.040114  0.854988 -0.516202 -0.030379
17 -23.465175 -24.855610  50.073248 -0.051693  0.829357 -0.548912  0.090498
47 -22.370657 -22.034407  33.374423 -0.079988  0.855574 -0.479173 -0.178853
46 -18.818525 -32.233068  30.904818 -0.088173  0.768351 -0.624577 -0.108470
45 -15.408160 -41.884695  29.907453 -0.108072  0.753243 -0.636055 -0.127983
44 -12.031255 -48.590170  29.312926 -0.096354  0.783353 -0.601088 -0.125571
43 -6.881854 -52.453835  29.448479 -0.276434  0.917511 -0.276434  0.073091
42 -2.135899 -54.649300  29.965448 -0.377226  0.918910 -0.092743  0.068579
41  2.570130 -56.132537  30.808361 -0.311935  0.939585 -0.138547  0.026098
31  7.312674 -56.082312  30.769232 -0.106623 -0.020913 -0.342004  0.933396
32  12.015261 -54.651895  30.379389 -0.202124  0.010533 -0.325126  0.923757
33  16.939419 -52.578783  29.635414 -0.230492  0.042112 -0.329244  0.914712
34  21.254326 -47.760978  29.389765 -0.462482  0.002568 -0.165962  0.870954
35  24.930577 -41.052912  29.315409 -0.492295 -0.070404 -0.196613  0.845004
36  27.622081 -32.356035  30.796718  0.615398  0.066823  0.111158 -0.777473
37  32.668932 -21.560171  33.073701  0.578298  0.124079  0.066938 -0.803552









